5
0
0
117
164
164
6
6
0
0
0
1
0
2
0
3
0
4
0
5
0
6
0
7
0
8
0
9
0
10
0
11
0
12
0
13
0
14
0
15
0
16
0
17
1
17
2
17
3
17
3
18
3
19
3
20
3
21
3
22
3
23
3
24
4
24
5
24
6
24
7
24
8
24
9
24
10
24
11
24
12
24
12
23
12
22
12
21
12
20
12
19
12
18
12
17
12
16
11
16
10
16
9
16
8
16
7
16
6
16
5
16
4
16
3
16
2
16
1
16
0
16
0
15
0
14
0
13
0
12
0
11
1
11
2
11
3
11
3
12
3
13
3
14
2
14
1
14
0
14
0
15
0
16
0
17
0
18
0
19
0
20
0
21
1
21
2
21
3
21
4
21
5
21
5
20
5
19
5
18
5
17
5
16
5
15
4
15
3
15
2
15
1
15
0
15
0
16
0
17
0
18
1
18
2
18
3
18
4
18
5
18
6
18
7
18
8
18
9
18
10
18
11
18
12
18
13
18
14
18
15
18
16
18
17
18
17
17
17
16
17
15
16
15
15
15
14
15
14
16
14
17
14
18
15
18
16
18
17
18
18
18
19
18
19
17
19
16
19
15
19
14
19
13
19
12
19
11
19
10
19
9
19
8
19
7
19
6
19
5
18
5
17
5
16
5
15
5
15
4
15
3
15
2
15
1
15
0
14
0
13
0
12
0
11
0
10
0
9
0
8
0
7
0
6
0
5
0
4
0
3
0
2
0
1
0
1
17
18
8
1
16
1
2
15
17
9
24
0
4
5
1
0
0
6
6
1
17
18
8
1
16
1
2
15
17
9
24
